Sequence,Wavelength(nm),Interval(ms)
Step 1,420,100
Step 2,421,100
Step 3,422,100
Step 4,423,100
Step 5,424,100
Step 6,425,100
Step 7,426,100
Step 8,427,100
Step 9,428,100
Step 10,429,100
Step 11,430,100
Step 12,431,100
Step 13,432,100
Step 14,433,100
Step 15,434,100
Step 16,435,100
Step 17,436,100
Step 18,437,100
Step 19,438,100
Step 20,439,100
Step 21,440,100
Step 22,441,100
Step 23,442,100
Step 24,443,100
Step 25,444,100
Step 26,445,100
Step 27,446,100
Step 28,447,100
Step 29,448,100
Step 30,449,100
Step 31,450,100
Step 32,451,100
Step 33,452,100
Step 34,453,100
Step 35,454,100
Step 36,455,100
Step 37,456,100
Step 38,457,100
Step 39,458,100
Step 40,459,100
Step 41,460,100
Step 42,461,100
Step 43,462,100
Step 44,463,100
Step 45,464,100
Step 46,465,100
Step 47,466,100
Step 48,467,100
Step 49,468,100
Step 50,469,100
Step 51,470,100
Step 52,471,100
Step 53,472,100
Step 54,473,100
Step 55,474,100
Step 56,475,100
Step 57,476,100
Step 58,477,100
Step 59,478,100
Step 60,479,100
Step 61,480,100
Step 62,481,100
Step 63,482,100
Step 64,483,100
Step 65,484,100
Step 66,485,100
Step 67,486,100
Step 68,487,100
Step 69,488,100
Step 70,489,100
Step 71,490,100
Step 72,491,100
Step 73,492,100
Step 74,493,100
Step 75,494,100
Step 76,495,100
Step 77,496,100
Step 78,497,100
Step 79,498,100
Step 80,499,100
Step 81,500,100
Step 82,501,100
Step 83,502,100
Step 84,503,100
Step 85,504,100
Step 86,505,100
Step 87,506,100
Step 88,507,100
Step 89,508,100
Step 90,509,100
Step 91,510,100
Step 92,511,100
Step 93,512,100
Step 94,513,100
Step 95,514,100
Step 96,515,100
Step 97,516,100
Step 98,517,100
Step 99,518,100
Step 100,519,100
Step 101,520,100
Step 102,521,100
Step 103,522,100
Step 104,523,100
Step 105,524,100
Step 106,525,100
Step 107,526,100
Step 108,527,100
Step 109,528,100
Step 110,529,100
Step 111,530,100
Step 112,531,100
Step 113,532,100
Step 114,533,100
Step 115,534,100
Step 116,535,100
Step 117,536,100
Step 118,537,100
Step 119,538,100
Step 120,539,100
Step 121,540,100
Step 122,541,100
Step 123,542,100
Step 124,543,100
Step 125,544,100
Step 126,545,100
Step 127,546,100
Step 128,547,100
Step 129,548,100
Step 130,549,100
Step 131,550,100
Step 132,551,100
Step 133,552,100
Step 134,553,100
Step 135,554,100
Step 136,555,100
Step 137,556,100
Step 138,557,100
Step 139,558,100
Step 140,559,100
Step 141,560,100
Step 142,561,100
Step 143,562,100
Step 144,563,100
Step 145,564,100
Step 146,565,100
Step 147,566,100
Step 148,567,100
Step 149,568,100
Step 150,569,100
Step 151,570,100
Step 152,571,100
Step 153,572,100
Step 154,573,100
Step 155,574,100
Step 156,575,100
Step 157,576,100
Step 158,577,100
Step 159,578,100
Step 160,579,100
Step 161,580,100
Step 162,581,100
Step 163,582,100
Step 164,583,100
Step 165,584,100
Step 166,585,100
Step 167,586,100
Step 168,587,100
Step 169,588,100
Step 170,589,100
Step 171,590,100
Step 172,591,100
Step 173,592,100
Step 174,593,100
Step 175,594,100
Step 176,595,100
Step 177,596,100
Step 178,597,100
Step 179,598,100
Step 180,599,100
Step 181,600,100
Step 182,601,100
Step 183,602,100
Step 184,603,100
Step 185,604,100
Step 186,605,100
Step 187,606,100
Step 188,607,100
Step 189,608,100
Step 190,609,100
Step 191,610,100
Step 192,611,100
Step 193,612,100
Step 194,613,100
Step 195,614,100
Step 196,615,100
Step 197,616,100
Step 198,617,100
Step 199,618,100
Step 200,619,100
Step 201,620,100
Step 202,621,100
Step 203,622,100
Step 204,623,100
Step 205,624,100
Step 206,625,100
Step 207,626,100
Step 208,627,100
Step 209,628,100
Step 210,629,100
Step 211,630,100
Step 212,631,100
Step 213,632,100
Step 214,633,100
Step 215,634,100
Step 216,635,100
Step 217,636,100
Step 218,637,100
Step 219,638,100
Step 220,639,100
Step 221,640,100
Step 222,641,100
Step 223,642,100
Step 224,643,100
Step 225,644,100
Step 226,645,100
Step 227,646,100
Step 228,647,100
Step 229,648,100
Step 230,649,100
Step 231,650,100
Step 232,651,100
Step 233,652,100
Step 234,653,100
Step 235,654,100
Step 236,655,100
Step 237,656,100
Step 238,657,100
Step 239,658,100
Step 240,659,100
Step 241,660,100
Step 242,661,100
Step 243,662,100
Step 244,663,100
Step 245,664,100
Step 246,665,100
Step 247,666,100
Step 248,667,100
Step 249,668,100
Step 250,669,100
Step 251,670,100
Step 252,671,100
Step 253,672,100
Step 254,673,100
Step 255,674,100
Step 256,675,100
Step 257,676,100
Step 258,677,100
Step 259,678,100
Step 260,679,100
Step 261,680,100
Step 262,681,100
Step 263,682,100
Step 264,683,100
Step 265,684,100
Step 266,685,100
Step 267,686,100
Step 268,687,100
Step 269,688,100
Step 270,689,100
Step 271,690,100
Step 272,691,100
Step 273,692,100
Step 274,693,100
Step 275,694,100
Step 276,695,100
Step 277,696,100
Step 278,697,100
Step 279,698,100
Step 280,699,100
Step 281,700,100
Step 282,701,100
Step 283,702,100
Step 284,703,100
Step 285,704,100
Step 286,705,100
Step 287,706,100
Step 288,707,100
Step 289,708,100
Step 290,709,100
Step 291,710,100
Step 292,711,100
Step 293,712,100
Step 294,713,100
Step 295,714,100
Step 296,715,100
Step 297,716,100
Step 298,717,100
Step 299,718,100
Step 300,719,100
Step 301,720,100
Step 302,721,100
Step 303,722,100
Step 304,723,100
Step 305,724,100
Step 306,725,100
Step 307,726,100
Step 308,727,100
Step 309,728,100
Step 310,729,100
Step 311,730,100
